Proba :2^-6
Round 0:
       deltaX            deltaK[0]             deltaX[0]             DeltaSB[0] 
 0  0  1  1  0       0  0  1  1  0       0  0  0  0  0       0  0  0  0  0      
 0  0  1  1  0       0  0  1  1  0       0  0  0  0  0       0  0  0  0  0      
 0  0  3  3  0       0  0  3  3  0       0  0  0  0  0       0  0  0  0  0      
ab ab  2  2  0      ab ab  2  2  0       0  0  0  0  0       0  0  0  0  0      
Round 1:
       deltaSR[0]             deltaY[0]             deltaK[1]                deltaX[1]             deltaSB[1] 
 0  0  0  0  0        0  0  0  0  0        0  0  0  0  0        0  0  0  0  0        0  0  0  0  0       
 0  0  0  0  0        0  0  0  0  0        0  0  0  0  0        0  0  0  0  0        0  0  0  0  0       
 0  0  0  0  0        0  0  0  0  0        0  0  0  0  0        0  0  0  0  0        0  0  0  0  0       
 0  0  0  0  0        0  0  0  0  0        0  0  0 ab  0        0  0  0 ab  0        0  0  0  1  0       
Round 2:
       deltaSR[1]             deltaY[1]             deltaK[2]             deltaX[2]     
 0  0  0  0  0        1  0  0  0  0        1  0  0  0  0        0  0  0  0  0             
 0  0  0  0  0        1  0  0  0  0        1  0  0  0  0        0  0  0  0  0             
 0  0  0  0  0        3  0  0  0  0        3  0  0  0  0        0  0  0  0  0             
 1  0  0  0  0        2  0  0  0  0        2  0  0  0  0        0  0  0  0  0             
Proba :2^-6
Round 0:
       deltaX            deltaK[0]             deltaX[0]             DeltaSB[0] 
 0  0  1  1  0       0  0  1  1  0       0  0  0  0  0       0  0  0  0  0      
 0  0  0  0  0       0  0  0  0  0       0  0  0  0  0       0  0  0  0  0      
 0  0  0  0  0       0  0  0  0  0       0  0  0  0  0       0  0  0  0  0      
 0  0  0  0  0       0  0  0  0  0       0  0  0  0  0       0  0  0  0  0      
Round 1:
       deltaSR[0]             deltaY[0]             deltaK[1]                deltaX[1]             deltaSB[1] 
 0  0  0  0  0        0  0  0  0  0        0  0  0  0  0        0  0  0  0  0        0  0  0  0  0       
 0  0  0  0  0        0  0  0  0  0        0  0  0  0  0        0  0  0  0  0        0  0  0  0  0       
 0  0  0  0  0        0  0  0  0  0        0  0  0  0  0        0  0  0  0  0        0  0  0  0  0       
 0  0  0  0  0        0  0  0  0  0        0  0  0  0  0        0  0  0  0  0        0  0  0  0  0       
Round 2:
       deltaSR[1]             deltaY[1]             deltaK[2]             deltaX[2]     
 0  0  0  0  0        0  0  0  0  0        1  0  0  0  0        1  0  0  0  0             
 0  0  0  0  0        0  0  0  0  0        0  0  0  0  0        0  0  0  0  0             
 0  0  0  0  0        0  0  0  0  0        0  0  0  0  0        0  0  0  0  0             
 0  0  0  0  0        0  0  0  0  0        0  0  0  0  0        0  0  0  0  0             
Proba :2^-6
Round 0:
       deltaX            deltaK[0]             deltaX[0]             DeltaSB[0] 
 1  1  0  0  0       1  1  0  0  0       0  0  0  0  0       0  0  0  0  0      
 3  3  0  0  0       3  3  0  0  0       0  0  0  0  0       0  0  0  0  0      
a9  2  0  0  0       2  2  0  0  0      ab  0  0  0  0       1  0  0  0  0      
 1  1  0  0  0       1  1  0  0  0       0  0  0  0  0       0  0  0  0  0      
Round 1:
       deltaSR[0]             deltaY[0]             deltaK[1]                deltaX[1]             deltaSB[1] 
 0  0  0  0  0        0  0  0  1  0        0  0  0  1  0        0  0  0  0  0        0  0  0  0  0       
 0  0  0  0  0        0  0  0  3  0        0  0  0  3  0        0  0  0  0  0        0  0  0  0  0       
 0  0  0  1  0        0  0  0  2  0        0  0  0  2  0        0  0  0  0  0        0  0  0  0  0       
 0  0  0  0  0        0  0  0  1  0        0  0  0  1  0        0  0  0  0  0        0  0  0  0  0       
Round 2:
       deltaSR[1]             deltaY[1]             deltaK[2]             deltaX[2]     
 0  0  0  0  0        0  0  0  0  0        0  0  0  0  0        0  0  0  0  0             
 0  0  0  0  0        0  0  0  0  0        0  0  0  0  0        0  0  0  0  0             
 0  0  0  0  0        0  0  0  0  0        0  0  0  0  0        0  0  0  0  0             
 0  0  0  0  0        0  0  0  0  0        0  0  0  0  0        0  0  0  0  0             
Proba :2^-6
Round 0:
       deltaX            deltaK[0]             deltaX[0]             DeltaSB[0] 
 1  1  0  0  0       1  1  0  0  0       0  0  0  0  0       0  0  0  0  0      
 1  1  0  0  0       1  1  0  0  0       0  0  0  0  0       0  0  0  0  0      
 3  3  0  0  0       3  3  0  0  0       0  0  0  0  0       0  0  0  0  0      
 2 a9  0  0  0       2  2  0  0  0       0 ab  0  0  0       0  1  0  0  0      
Round 1:
       deltaSR[0]             deltaY[0]             deltaK[1]                deltaX[1]             deltaSB[1] 
 0  0  0  0  0        0  0  0  1  0        0  0  0  1  0        0  0  0  0  0        0  0  0  0  0       
 0  0  0  0  0        0  0  0  1  0        0  0  0  1  0        0  0  0  0  0        0  0  0  0  0       
 0  0  0  0  0        0  0  0  3  0        0  0  0  3  0        0  0  0  0  0        0  0  0  0  0       
 0  0  0  1  0        0  0  0  2  0        0  0  0  2  0        0  0  0  0  0        0  0  0  0  0       
Round 2:
       deltaSR[1]             deltaY[1]             deltaK[2]             deltaX[2]     
 0  0  0  0  0        0  0  0  0  0        0  0  0  0  0        0  0  0  0  0             
 0  0  0  0  0        0  0  0  0  0        0  0  0  0  0        0  0  0  0  0             
 0  0  0  0  0        0  0  0  0  0        0  0  0  0  0        0  0  0  0  0             
 0  0  0  0  0        0  0  0  0  0        0  0  0  0  0        0  0  0  0  0             
Proba :2^-6
Round 0:
       deltaX            deltaK[0]             deltaX[0]             DeltaSB[0] 
 0  0  0  0  0       0  0  0  0  0       0  0  0  0  0       0  0  0  0  0      
 0  0  0  0  0       0  0  0  0  0       0  0  0  0  0       0  0  0  0  0      
 0  0  0  0  0       0  0  0  0  0       0  0  0  0  0       0  0  0  0  0      
 0  0  1  1  0       0  0  1  1  0       0  0  0  0  0       0  0  0  0  0      
Round 1:
       deltaSR[0]             deltaY[0]             deltaK[1]                deltaX[1]             deltaSB[1] 
 0  0  0  0  0        0  0  0  0  0        0  0  0  0  0        0  0  0  0  0        0  0  0  0  0       
 0  0  0  0  0        0  0  0  0  0        0  0  0  0  0        0  0  0  0  0        0  0  0  0  0       
 0  0  0  0  0        0  0  0  0  0        0  0  0  0  0        0  0  0  0  0        0  0  0  0  0       
 0  0  0  0  0        0  0  0  0  0        0  0  0  0  0        0  0  0  0  0        0  0  0  0  0       
Round 2:
       deltaSR[1]             deltaY[1]             deltaK[2]             deltaX[2]     
 0  0  0  0  0        0  0  0  0  0        0  0  0  0  0        0  0  0  0  0             
 0  0  0  0  0        0  0  0  0  0        0  0  0  0  0        0  0  0  0  0             
 0  0  0  0  0        0  0  0  0  0        0  0  0  0  0        0  0  0  0  0             
 0  0  0  0  0        0  0  0  0  0        1  0  0  0  0        1  0  0  0  0             
Proba :2^-6
Round 0:
       deltaX            deltaK[0]             deltaX[0]             DeltaSB[0] 
8c 8c  0  0  0      8c 8c  0  0  0       0  0  0  0  0       0  0  0  0  0      
 1  1  0  0 99       1  1  0  0  0       0  0  0  0 99       0  0  0  0 8d      
8d 8d  0  0  0      8d 8d  0  0  0       0  0  0  0  0       0  0  0  0  0      
8d 8d  0  0  0      8d 8d  0  0  0       0  0  0  0  0       0  0  0  0  0      
Round 1:
       deltaSR[0]             deltaY[0]             deltaK[1]                deltaX[1]             deltaSB[1] 
 0  0  0  0  0        0  0  0 8c  0        0  0  0 8c  0        0  0  0  0  0        0  0  0  0  0       
 0  0  0 8d  0        0  0  0  1  0        0  0  0  1  0        0  0  0  0  0        0  0  0  0  0       
 0  0  0  0  0        0  0  0 8d  0        0  0  0 8d  0        0  0  0  0  0        0  0  0  0  0       
 0  0  0  0  0        0  0  0 8d  0        0  0  0 8d  0        0  0  0  0  0        0  0  0  0  0       
Round 2:
       deltaSR[1]             deltaY[1]             deltaK[2]             deltaX[2]     
 0  0  0  0  0        0  0  0  0  0        0  0  0  0  0        0  0  0  0  0             
 0  0  0  0  0        0  0  0  0  0        0  0  0  0  0        0  0  0  0  0             
 0  0  0  0  0        0  0  0  0  0        0  0  0  0  0        0  0  0  0  0             
 0  0  0  0  0        0  0  0  0  0        0  0  0  0  0        0  0  0  0  0             
Proba :2^-6
Round 0:
       deltaX            deltaK[0]             deltaX[0]             DeltaSB[0] 
 2  2  0 ab  0       2  2  0  0  0       0  0  0 ab  0       0  0  0  1  0      
 1  1  0  0  0       1  1  0  0  0       0  0  0  0  0       0  0  0  0  0      
 1  1  0  0  0       1  1  0  0  0       0  0  0  0  0       0  0  0  0  0      
 3  3  0  0  0       3  3  0  0  0       0  0  0  0  0       0  0  0  0  0      
Round 1:
       deltaSR[0]             deltaY[0]             deltaK[1]                deltaX[1]             deltaSB[1] 
 0  0  0  1  0        0  0  0  2  0        0  0  0  2  0        0  0  0  0  0        0  0  0  0  0       
 0  0  0  0  0        0  0  0  1  0        0  0  0  1  0        0  0  0  0  0        0  0  0  0  0       
 0  0  0  0  0        0  0  0  1  0        0  0  0  1  0        0  0  0  0  0        0  0  0  0  0       
 0  0  0  0  0        0  0  0  3  0        0  0  0  3  0        0  0  0  0  0        0  0  0  0  0       
Round 2:
       deltaSR[1]             deltaY[1]             deltaK[2]             deltaX[2]     
 0  0  0  0  0        0  0  0  0  0        0  0  0  0  0        0  0  0  0  0             
 0  0  0  0  0        0  0  0  0  0        0  0  0  0  0        0  0  0  0  0             
 0  0  0  0  0        0  0  0  0  0        0  0  0  0  0        0  0  0  0  0             
 0  0  0  0  0        0  0  0  0  0        0  0  0  0  0        0  0  0  0  0             
Proba :2^-6
Round 0:
       deltaX            deltaK[0]             deltaX[0]             DeltaSB[0] 
 0  0  0  0  0       0  0  0  0  0       0  0  0  0  0       0  0  0  0  0      
 0  0  1  1  0       0  0  1  1  0       0  0  0  0  0       0  0  0  0  0      
 0  0  0  0  0       0  0  0  0  0       0  0  0  0  0       0  0  0  0  0      
 0  0  0  0  0       0  0  0  0  0       0  0  0  0  0       0  0  0  0  0      
Round 1:
       deltaSR[0]             deltaY[0]             deltaK[1]                deltaX[1]             deltaSB[1] 
 0  0  0  0  0        0  0  0  0  0        0  0  0  0  0        0  0  0  0  0        0  0  0  0  0       
 0  0  0  0  0        0  0  0  0  0        0  0  0  0  0        0  0  0  0  0        0  0  0  0  0       
 0  0  0  0  0        0  0  0  0  0        0  0  0  0  0        0  0  0  0  0        0  0  0  0  0       
 0  0  0  0  0        0  0  0  0  0        0  0  0  0  0        0  0  0  0  0        0  0  0  0  0       
Round 2:
       deltaSR[1]             deltaY[1]             deltaK[2]             deltaX[2]     
 0  0  0  0  0        0  0  0  0  0        0  0  0  0  0        0  0  0  0  0             
 0  0  0  0  0        0  0  0  0  0        1  0  0  0  0        1  0  0  0  0             
 0  0  0  0  0        0  0  0  0  0        0  0  0  0  0        0  0  0  0  0             
 0  0  0  0  0        0  0  0  0  0        0  0  0  0  0        0  0  0  0  0             
Proba :2^-6
Round 0:
       deltaX            deltaK[0]             deltaX[0]             DeltaSB[0] 
 0  0  0  0  0       0  0  0  0  0       0  0  0  0  0       0  0  0  0  0      
 0  0  0  0  0       0  0  0  0  0       0  0  0  0  0       0  0  0  0  0      
 0  0  1  1  0       0  0  1  1  0       0  0  0  0  0       0  0  0  0  0      
 0  0  0  0  0       0  0  0  0  0       0  0  0  0  0       0  0  0  0  0      
Round 1:
       deltaSR[0]             deltaY[0]             deltaK[1]                deltaX[1]             deltaSB[1] 
 0  0  0  0  0        0  0  0  0  0        0  0  0  0  0        0  0  0  0  0        0  0  0  0  0       
 0  0  0  0  0        0  0  0  0  0        0  0  0  0  0        0  0  0  0  0        0  0  0  0  0       
 0  0  0  0  0        0  0  0  0  0        0  0  0  0  0        0  0  0  0  0        0  0  0  0  0       
 0  0  0  0  0        0  0  0  0  0        0  0  0  0  0        0  0  0  0  0        0  0  0  0  0       
Round 2:
       deltaSR[1]             deltaY[1]             deltaK[2]             deltaX[2]     
 0  0  0  0  0        0  0  0  0  0        0  0  0  0  0        0  0  0  0  0             
 0  0  0  0  0        0  0  0  0  0        0  0  0  0  0        0  0  0  0  0             
 0  0  0  0  0        0  0  0  0  0        1  0  0  0  0        1  0  0  0  0             
 0  0  0  0  0        0  0  0  0  0        0  0  0  0  0        0  0  0  0  0             
