Proba :2^-54
Round 0:
       deltaX            deltaK[0]             deltaX[0]             DeltaSB[0] 
 0  0  0  0  0 62       0  0  0  0  0  0       0  0  0  0  0 62       0  0  0  0  0 c9      
e8  0  0  0  0  0       0  0  0  0  0  0      e8  0  0  0  0  0      f8  0  0  0  0  0      
 0 b0  0  0  0  0       0  0  0  0  0  0       0 b0  0  0  0  0       0 84  0  0  0  0      
 0  0 13  0  0  0       0  0  0  0  0  0       0  0 13  0  0  0       0  0 1e  0  0  0      
Round 1:
       deltaSR[0]             deltaY[0]             deltaK[1]                deltaX[1]             deltaSB[1] 
 0  0  0  0  0 c9        0  0  0  0  0  0        0  0  0  0  0  0        0  0  0  0  0  0        0  0  0  0  0  0       
 0  0  0  0  0 f8        0  0  0  0  0 ab        0  0  0  0  0  0        0  0  0  0  0 ab        0  0  0  0  0  1       
 0  0  0  0  0 84        0  0  0  0  0  0        0  0  0  0  0  0        0  0  0  0  0  0        0  0  0  0  0  0       
 0  0  0  0  0 1e        0  0  0  0  0  0        0  0  0  0  0  0        0  0  0  0  0  0        0  0  0  0  0  0       
Round 2:
       deltaSR[1]             deltaY[1]             deltaK[2]             deltaX[2]     
 0  0  0  0  0  0        0  0  0  0  3  0        0  0  0  0  0  0        0  0  0  0  3  0             
 0  0  0  0  1  0        0  0  0  0  2  0        0  0  0  0  0  0        0  0  0  0  2  0             
 0  0  0  0  0  0        0  0  0  0  1  0        0  0  0  0  0  0        0  0  0  0  1  0             
 0  0  0  0  0  0        0  0  0  0  1  0        0  0  0  0  0  0        0  0  0  0  1  0             
Proba :2^-54
Round 0:
       deltaX            deltaK[0]             deltaX[0]             DeltaSB[0] 
58  0  0  0  0  0       0  0  0  0  0  0      58  0  0  0  0  0       9  0  0  0  0  0      
 0 45  0  0  0  0       0  0  0  0  0  0       0 45  0  0  0  0       0  d  0  0  0  0      
 0  0 f7  0  0  0       0  0  0  0  0  0       0  0 f7  0  0  0       0  0  b  0  0  0      
 0  0  0 b3  0  0       0  0  0  0  0  0       0  0  0 b3  0  0       0  0  0  e  0  0      
Round 1:
       deltaSR[0]             deltaY[0]             deltaK[1]                deltaX[1]             deltaSB[1] 
 9  0  0  0  0  0        0  0  0  0  0  0        0  0  0  0  0  0        0  0  0  0  0  0        0  0  0  0  0  0       
 d  0  0  0  0  0        0  0  0  0  0  0        0  0  0  0  0  0        0  0  0  0  0  0        0  0  0  0  0  0       
 b  0  0  0  0  0        0  0  0  0  0  0        0  0  0  0  0  0        0  0  0  0  0  0        0  0  0  0  0  0       
 e  0  0  0  0  0        1  0  0  0  0  0        0  0  0  0  0  0        1  0  0  0  0  0       1f  0  0  0  0  0       
Round 2:
       deltaSR[1]             deltaY[1]             deltaK[2]             deltaX[2]     
 0  0  0  0  0  0        0  0  0 1f  0  0        0  0  0  0  0  0        0  0  0 1f  0  0             
 0  0  0  0  0  0        0  0  0 1f  0  0        0  0  0  0  0  0        0  0  0 1f  0  0             
 0  0  0  0  0  0        0  0  0 21  0  0        0  0  0  0  0  0        0  0  0 21  0  0             
 0  0  0 1f  0  0        0  0  0 3e  0  0        0  0  0  0  0  0        0  0  0 3e  0  0             
Proba :2^-54
Round 0:
       deltaX            deltaK[0]             deltaX[0]             DeltaSB[0] 
 0  0  0 e8  0  0       0  0  0  0  0  0       0  0  0 e8  0  0       0  0  0 f8  0  0      
 0  0  0  0 b0  0       0  0  0  0  0  0       0  0  0  0 b0  0       0  0  0  0 84  0      
 0  0  0  0  0 13       0  0  0  0  0  0       0  0  0  0  0 13       0  0  0  0  0 1e      
62  0  0  0  0  0       0  0  0  0  0  0      62  0  0  0  0  0      c9  0  0  0  0  0      
Round 1:
       deltaSR[0]             deltaY[0]             deltaK[1]                deltaX[1]             deltaSB[1] 
 0  0  0 f8  0  0        0  0  0 ab  0  0        0  0  0  0  0  0        0  0  0 ab  0  0        0  0  0  1  0  0       
 0  0  0 84  0  0        0  0  0  0  0  0        0  0  0  0  0  0        0  0  0  0  0  0        0  0  0  0  0  0       
 0  0  0 1e  0  0        0  0  0  0  0  0        0  0  0  0  0  0        0  0  0  0  0  0        0  0  0  0  0  0       
 0  0  0 c9  0  0        0  0  0  0  0  0        0  0  0  0  0  0        0  0  0  0  0  0        0  0  0  0  0  0       
Round 2:
       deltaSR[1]             deltaY[1]             deltaK[2]             deltaX[2]     
 0  0  0  1  0  0        0  0  0  2  0  0        0  0  0  0  0  0        0  0  0  2  0  0             
 0  0  0  0  0  0        0  0  0  1  0  0        0  0  0  0  0  0        0  0  0  1  0  0             
 0  0  0  0  0  0        0  0  0  1  0  0        0  0  0  0  0  0        0  0  0  1  0  0             
 0  0  0  0  0  0        0  0  0  3  0  0        0  0  0  0  0  0        0  0  0  3  0  0             
Proba :2^-54
Round 0:
       deltaX            deltaK[0]             deltaX[0]             DeltaSB[0] 
45  0  0  0  0  0       0  0  0  0  0  0      45  0  0  0  0  0       d  0  0  0  0  0      
 0 f7  0  0  0  0       0  0  0  0  0  0       0 f7  0  0  0  0       0  b  0  0  0  0      
 0  0 b3  0  0  0       0  0  0  0  0  0       0  0 b3  0  0  0       0  0  e  0  0  0      
 0  0  0 58  0  0       0  0  0  0  0  0       0  0  0 58  0  0       0  0  0  9  0  0      
Round 1:
       deltaSR[0]             deltaY[0]             deltaK[1]                deltaX[1]             deltaSB[1] 
 d  0  0  0  0  0        0  0  0  0  0  0        0  0  0  0  0  0        0  0  0  0  0  0        0  0  0  0  0  0       
 b  0  0  0  0  0        0  0  0  0  0  0        0  0  0  0  0  0        0  0  0  0  0  0        0  0  0  0  0  0       
 e  0  0  0  0  0        1  0  0  0  0  0        0  0  0  0  0  0        1  0  0  0  0  0       1f  0  0  0  0  0       
 9  0  0  0  0  0        0  0  0  0  0  0        0  0  0  0  0  0        0  0  0  0  0  0        0  0  0  0  0  0       
Round 2:
       deltaSR[1]             deltaY[1]             deltaK[2]             deltaX[2]     
 0  0  0  0  0  0        0  0  0  0 1f  0        0  0  0  0  0  0        0  0  0  0 1f  0             
 0  0  0  0  0  0        0  0  0  0 21  0        0  0  0  0  0  0        0  0  0  0 21  0             
 0  0  0  0 1f  0        0  0  0  0 3e  0        0  0  0  0  0  0        0  0  0  0 3e  0             
 0  0  0  0  0  0        0  0  0  0 1f  0        0  0  0  0  0  0        0  0  0  0 1f  0             
Proba :2^-54
Round 0:
       deltaX            deltaK[0]             deltaX[0]             DeltaSB[0] 
f7  0  0  0  0  0       0  0  0  0  0  0      f7  0  0  0  0  0       b  0  0  0  0  0      
 0 b3  0  0  0  0       0  0  0  0  0  0       0 b3  0  0  0  0       0  e  0  0  0  0      
 0  0 58  0  0  0       0  0  0  0  0  0       0  0 58  0  0  0       0  0  9  0  0  0      
 0  0  0 45  0  0       0  0  0  0  0  0       0  0  0 45  0  0       0  0  0  d  0  0      
Round 1:
       deltaSR[0]             deltaY[0]             deltaK[1]                deltaX[1]             deltaSB[1] 
 b  0  0  0  0  0        0  0  0  0  0  0        0  0  0  0  0  0        0  0  0  0  0  0        0  0  0  0  0  0       
 e  0  0  0  0  0        1  0  0  0  0  0        0  0  0  0  0  0        1  0  0  0  0  0       1f  0  0  0  0  0       
 9  0  0  0  0  0        0  0  0  0  0  0        0  0  0  0  0  0        0  0  0  0  0  0        0  0  0  0  0  0       
 d  0  0  0  0  0        0  0  0  0  0  0        0  0  0  0  0  0        0  0  0  0  0  0        0  0  0  0  0  0       
Round 2:
       deltaSR[1]             deltaY[1]             deltaK[2]             deltaX[2]     
 0  0  0  0  0  0        0  0  0  0  0 21        0  0  0  0  0  0        0  0  0  0  0 21             
 0  0  0  0  0 1f        0  0  0  0  0 3e        0  0  0  0  0  0        0  0  0  0  0 3e             
 0  0  0  0  0  0        0  0  0  0  0 1f        0  0  0  0  0  0        0  0  0  0  0 1f             
 0  0  0  0  0  0        0  0  0  0  0 1f        0  0  0  0  0  0        0  0  0  0  0 1f             
Proba :2^-54
Round 0:
       deltaX            deltaK[0]             deltaX[0]             DeltaSB[0] 
 0  0  0  0 b0  0       0  0  0  0  0  0       0  0  0  0 b0  0       0  0  0  0 84  0      
 0  0  0  0  0 13       0  0  0  0  0  0       0  0  0  0  0 13       0  0  0  0  0 1e      
62  0  0  0  0  0       0  0  0  0  0  0      62  0  0  0  0  0      c9  0  0  0  0  0      
 0 e8  0  0  0  0       0  0  0  0  0  0       0 e8  0  0  0  0       0 f8  0  0  0  0      
Round 1:
       deltaSR[0]             deltaY[0]             deltaK[1]                deltaX[1]             deltaSB[1] 
 0  0  0  0 84  0        0  0  0  0  0  0        0  0  0  0  0  0        0  0  0  0  0  0        0  0  0  0  0  0       
 0  0  0  0 1e  0        0  0  0  0  0  0        0  0  0  0  0  0        0  0  0  0  0  0        0  0  0  0  0  0       
 0  0  0  0 c9  0        0  0  0  0  0  0        0  0  0  0  0  0        0  0  0  0  0  0        0  0  0  0  0  0       
 0  0  0  0 f8  0        0  0  0  0 ab  0        0  0  0  0  0  0        0  0  0  0 ab  0        0  0  0  0  1  0       
Round 2:
       deltaSR[1]             deltaY[1]             deltaK[2]             deltaX[2]     
 0  0  0  0  0  0        0  1  0  0  0  0        0  0  0  0  0  0        0  1  0  0  0  0             
 0  0  0  0  0  0        0  1  0  0  0  0        0  0  0  0  0  0        0  1  0  0  0  0             
 0  0  0  0  0  0        0  3  0  0  0  0        0  0  0  0  0  0        0  3  0  0  0  0             
 0  1  0  0  0  0        0  2  0  0  0  0        0  0  0  0  0  0        0  2  0  0  0  0             
Proba :2^-54
Round 0:
       deltaX            deltaK[0]             deltaX[0]             DeltaSB[0] 
 0  0 58  0  0  0       0  0  0  0  0  0       0  0 58  0  0  0       0  0  9  0  0  0      
 0  0  0 45  0  0       0  0  0  0  0  0       0  0  0 45  0  0       0  0  0  d  0  0      
 0  0  0  0 f7  0       0  0  0  0  0  0       0  0  0  0 f7  0       0  0  0  0  b  0      
 0  0  0  0  0 b3       0  0  0  0  0  0       0  0  0  0  0 b3       0  0  0  0  0  e      
Round 1:
       deltaSR[0]             deltaY[0]             deltaK[1]                deltaX[1]             deltaSB[1] 
 0  0  9  0  0  0        0  0  0  0  0  0        0  0  0  0  0  0        0  0  0  0  0  0        0  0  0  0  0  0       
 0  0  d  0  0  0        0  0  0  0  0  0        0  0  0  0  0  0        0  0  0  0  0  0        0  0  0  0  0  0       
 0  0  b  0  0  0        0  0  0  0  0  0        0  0  0  0  0  0        0  0  0  0  0  0        0  0  0  0  0  0       
 0  0  e  0  0  0        0  0  1  0  0  0        0  0  0  0  0  0        0  0  1  0  0  0        0  0 1f  0  0  0       
Round 2:
       deltaSR[1]             deltaY[1]             deltaK[2]             deltaX[2]     
 0  0  0  0  0  0        0  0  0  0  0 1f        0  0  0  0  0  0        0  0  0  0  0 1f             
 0  0  0  0  0  0        0  0  0  0  0 1f        0  0  0  0  0  0        0  0  0  0  0 1f             
 0  0  0  0  0  0        0  0  0  0  0 21        0  0  0  0  0  0        0  0  0  0  0 21             
 0  0  0  0  0 1f        0  0  0  0  0 3e        0  0  0  0  0  0        0  0  0  0  0 3e             
Proba :2^-54
Round 0:
       deltaX            deltaK[0]             deltaX[0]             DeltaSB[0] 
 0  0  0 b0  0  0       0  0  0  0  0  0       0  0  0 b0  0  0       0  0  0 84  0  0      
 0  0  0  0 13  0       0  0  0  0  0  0       0  0  0  0 13  0       0  0  0  0 1e  0      
 0  0  0  0  0 62       0  0  0  0  0  0       0  0  0  0  0 62       0  0  0  0  0 c9      
e8  0  0  0  0  0       0  0  0  0  0  0      e8  0  0  0  0  0      f8  0  0  0  0  0      
Round 1:
       deltaSR[0]             deltaY[0]             deltaK[1]                deltaX[1]             deltaSB[1] 
 0  0  0 84  0  0        0  0  0  0  0  0        0  0  0  0  0  0        0  0  0  0  0  0        0  0  0  0  0  0       
 0  0  0 1e  0  0        0  0  0  0  0  0        0  0  0  0  0  0        0  0  0  0  0  0        0  0  0  0  0  0       
 0  0  0 c9  0  0        0  0  0  0  0  0        0  0  0  0  0  0        0  0  0  0  0  0        0  0  0  0  0  0       
 0  0  0 f8  0  0        0  0  0 ab  0  0        0  0  0  0  0  0        0  0  0 ab  0  0        0  0  0  1  0  0       
Round 2:
       deltaSR[1]             deltaY[1]             deltaK[2]             deltaX[2]     
 0  0  0  0  0  0        1  0  0  0  0  0        0  0  0  0  0  0        1  0  0  0  0  0             
 0  0  0  0  0  0        1  0  0  0  0  0        0  0  0  0  0  0        1  0  0  0  0  0             
 0  0  0  0  0  0        3  0  0  0  0  0        0  0  0  0  0  0        3  0  0  0  0  0             
 1  0  0  0  0  0        2  0  0  0  0  0        0  0  0  0  0  0        2  0  0  0  0  0             
Proba :2^-54
Round 0:
       deltaX            deltaK[0]             deltaX[0]             DeltaSB[0] 
 0  0 e8  0  0  0       0  0  0  0  0  0       0  0 e8  0  0  0       0  0 f8  0  0  0      
 0  0  0 b0  0  0       0  0  0  0  0  0       0  0  0 b0  0  0       0  0  0 84  0  0      
 0  0  0  0 13  0       0  0  0  0  0  0       0  0  0  0 13  0       0  0  0  0 1e  0      
 0  0  0  0  0 62       0  0  0  0  0  0       0  0  0  0  0 62       0  0  0  0  0 c9      
Round 1:
       deltaSR[0]             deltaY[0]             deltaK[1]                deltaX[1]             deltaSB[1] 
 0  0 f8  0  0  0        0  0 ab  0  0  0        0  0  0  0  0  0        0  0 ab  0  0  0        0  0  1  0  0  0       
 0  0 84  0  0  0        0  0  0  0  0  0        0  0  0  0  0  0        0  0  0  0  0  0        0  0  0  0  0  0       
 0  0 1e  0  0  0        0  0  0  0  0  0        0  0  0  0  0  0        0  0  0  0  0  0        0  0  0  0  0  0       
 0  0 c9  0  0  0        0  0  0  0  0  0        0  0  0  0  0  0        0  0  0  0  0  0        0  0  0  0  0  0       
Round 2:
       deltaSR[1]             deltaY[1]             deltaK[2]             deltaX[2]     
 0  0  1  0  0  0        0  0  2  0  0  0        0  0  0  0  0  0        0  0  2  0  0  0             
 0  0  0  0  0  0        0  0  1  0  0  0        0  0  0  0  0  0        0  0  1  0  0  0             
 0  0  0  0  0  0        0  0  1  0  0  0        0  0  0  0  0  0        0  0  1  0  0  0             
 0  0  0  0  0  0        0  0  3  0  0  0        0  0  0  0  0  0        0  0  3  0  0  0             
Proba :2^-54
Round 0:
       deltaX            deltaK[0]             deltaX[0]             DeltaSB[0] 
 0  0  0  0  0 50       0  0  0  0  0  0       0  0  0  0  0 50       0  0  0  0  0 30      
96  0  0  0  0  0       0  0  0  0  0  0      96  0  0  0  0  0      f3  0  0  0  0  0      
 0 f4  0  0  0  0       0  0  0  0  0  0       0 f4  0  0  0  0       0 dc  0  0  0  0      
 0  0 51  0  0  0       0  0  0  0  0  0       0  0 51  0  0  0       0  0 b2  0  0  0      
Round 1:
       deltaSR[0]             deltaY[0]             deltaK[1]                deltaX[1]             deltaSB[1] 
 0  0  0  0  0 30        0  0  0  0  0  0        0  0  0  0  0  0        0  0  0  0  0  0        0  0  0  0  0  0       
 0  0  0  0  0 f3        0  0  0  0  0  0        0  0  0  0  0  0        0  0  0  0  0  0        0  0  0  0  0  0       
 0  0  0  0  0 dc        0  0  0  0  0 ad        0  0  0  0  0  0        0  0  0  0  0 ad        0  0  0  0  0 f6       
 0  0  0  0  0 b2        0  0  0  0  0  0        0  0  0  0  0  0        0  0  0  0  0  0        0  0  0  0  0  0       
Round 2:
       deltaSR[1]             deltaY[1]             deltaK[2]             deltaX[2]     
 0  0  0  0  0  0        0  0  0 f6  0  0        0  0  0  0  0  0        0  0  0 f6  0  0             
 0  0  0  0  0  0        0  0  0  1  0  0        0  0  0  0  0  0        0  0  0  1  0  0             
 0  0  0 f6  0  0        0  0  0 f7  0  0        0  0  0  0  0  0        0  0  0 f7  0  0             
 0  0  0  0  0  0        0  0  0 f6  0  0        0  0  0  0  0  0        0  0  0 f6  0  0             
Proba :2^-54
Round 0:
       deltaX            deltaK[0]             deltaX[0]             DeltaSB[0] 
 0 62  0  0  0  0       0  0  0  0  0  0       0 62  0  0  0  0       0 c9  0  0  0  0      
 0  0 e8  0  0  0       0  0  0  0  0  0       0  0 e8  0  0  0       0  0 f8  0  0  0      
 0  0  0 b0  0  0       0  0  0  0  0  0       0  0  0 b0  0  0       0  0  0 84  0  0      
 0  0  0  0 13  0       0  0  0  0  0  0       0  0  0  0 13  0       0  0  0  0 1e  0      
Round 1:
       deltaSR[0]             deltaY[0]             deltaK[1]                deltaX[1]             deltaSB[1] 
 0 c9  0  0  0  0        0  0  0  0  0  0        0  0  0  0  0  0        0  0  0  0  0  0        0  0  0  0  0  0       
 0 f8  0  0  0  0        0 ab  0  0  0  0        0  0  0  0  0  0        0 ab  0  0  0  0        0  1  0  0  0  0       
 0 84  0  0  0  0        0  0  0  0  0  0        0  0  0  0  0  0        0  0  0  0  0  0        0  0  0  0  0  0       
 0 1e  0  0  0  0        0  0  0  0  0  0        0  0  0  0  0  0        0  0  0  0  0  0        0  0  0  0  0  0       
Round 2:
       deltaSR[1]             deltaY[1]             deltaK[2]             deltaX[2]     
 0  0  0  0  0  0        3  0  0  0  0  0        0  0  0  0  0  0        3  0  0  0  0  0             
 1  0  0  0  0  0        2  0  0  0  0  0        0  0  0  0  0  0        2  0  0  0  0  0             
 0  0  0  0  0  0        1  0  0  0  0  0        0  0  0  0  0  0        1  0  0  0  0  0             
 0  0  0  0  0  0        1  0  0  0  0  0        0  0  0  0  0  0        1  0  0  0  0  0             
Proba :2^-54
Round 0:
       deltaX            deltaK[0]             deltaX[0]             DeltaSB[0] 
 0 45  0  0  0  0       0  0  0  0  0  0       0 45  0  0  0  0       0  d  0  0  0  0      
 0  0 f7  0  0  0       0  0  0  0  0  0       0  0 f7  0  0  0       0  0  b  0  0  0      
 0  0  0 b3  0  0       0  0  0  0  0  0       0  0  0 b3  0  0       0  0  0  e  0  0      
 0  0  0  0 58  0       0  0  0  0  0  0       0  0  0  0 58  0       0  0  0  0  9  0      
Round 1:
       deltaSR[0]             deltaY[0]             deltaK[1]                deltaX[1]             deltaSB[1] 
 0  d  0  0  0  0        0  0  0  0  0  0        0  0  0  0  0  0        0  0  0  0  0  0        0  0  0  0  0  0       
 0  b  0  0  0  0        0  0  0  0  0  0        0  0  0  0  0  0        0  0  0  0  0  0        0  0  0  0  0  0       
 0  e  0  0  0  0        0  1  0  0  0  0        0  0  0  0  0  0        0  1  0  0  0  0        0 1f  0  0  0  0       
 0  9  0  0  0  0        0  0  0  0  0  0        0  0  0  0  0  0        0  0  0  0  0  0        0  0  0  0  0  0       
Round 2:
       deltaSR[1]             deltaY[1]             deltaK[2]             deltaX[2]     
 0  0  0  0  0  0        0  0  0  0  0 1f        0  0  0  0  0  0        0  0  0  0  0 1f             
 0  0  0  0  0  0        0  0  0  0  0 21        0  0  0  0  0  0        0  0  0  0  0 21             
 0  0  0  0  0 1f        0  0  0  0  0 3e        0  0  0  0  0  0        0  0  0  0  0 3e             
 0  0  0  0  0  0        0  0  0  0  0 1f        0  0  0  0  0  0        0  0  0  0  0 1f             
Proba :2^-54
Round 0:
       deltaX            deltaK[0]             deltaX[0]             DeltaSB[0] 
 0  0  0  0 62  0       0  0  0  0  0  0       0  0  0  0 62  0       0  0  0  0 c9  0      
 0  0  0  0  0 e8       0  0  0  0  0  0       0  0  0  0  0 e8       0  0  0  0  0 f8      
b0  0  0  0  0  0       0  0  0  0  0  0      b0  0  0  0  0  0      84  0  0  0  0  0      
 0 13  0  0  0  0       0  0  0  0  0  0       0 13  0  0  0  0       0 1e  0  0  0  0      
Round 1:
       deltaSR[0]             deltaY[0]             deltaK[1]                deltaX[1]             deltaSB[1] 
 0  0  0  0 c9  0        0  0  0  0  0  0        0  0  0  0  0  0        0  0  0  0  0  0        0  0  0  0  0  0       
 0  0  0  0 f8  0        0  0  0  0 ab  0        0  0  0  0  0  0        0  0  0  0 ab  0        0  0  0  0  1  0       
 0  0  0  0 84  0        0  0  0  0  0  0        0  0  0  0  0  0        0  0  0  0  0  0        0  0  0  0  0  0       
 0  0  0  0 1e  0        0  0  0  0  0  0        0  0  0  0  0  0        0  0  0  0  0  0        0  0  0  0  0  0       
Round 2:
       deltaSR[1]             deltaY[1]             deltaK[2]             deltaX[2]     
 0  0  0  0  0  0        0  0  0  3  0  0        0  0  0  0  0  0        0  0  0  3  0  0             
 0  0  0  1  0  0        0  0  0  2  0  0        0  0  0  0  0  0        0  0  0  2  0  0             
 0  0  0  0  0  0        0  0  0  1  0  0        0  0  0  0  0  0        0  0  0  1  0  0             
 0  0  0  0  0  0        0  0  0  1  0  0        0  0  0  0  0  0        0  0  0  1  0  0             
Proba :2^-54
Round 0:
       deltaX            deltaK[0]             deltaX[0]             DeltaSB[0] 
 0  0  0 62  0  0       0  0  0  0  0  0       0  0  0 62  0  0       0  0  0 c9  0  0      
 0  0  0  0 e8  0       0  0  0  0  0  0       0  0  0  0 e8  0       0  0  0  0 f8  0      
 0  0  0  0  0 b0       0  0  0  0  0  0       0  0  0  0  0 b0       0  0  0  0  0 84      
13  0  0  0  0  0       0  0  0  0  0  0      13  0  0  0  0  0      1e  0  0  0  0  0      
Round 1:
       deltaSR[0]             deltaY[0]             deltaK[1]                deltaX[1]             deltaSB[1] 
 0  0  0 c9  0  0        0  0  0  0  0  0        0  0  0  0  0  0        0  0  0  0  0  0        0  0  0  0  0  0       
 0  0  0 f8  0  0        0  0  0 ab  0  0        0  0  0  0  0  0        0  0  0 ab  0  0        0  0  0  1  0  0       
 0  0  0 84  0  0        0  0  0  0  0  0        0  0  0  0  0  0        0  0  0  0  0  0        0  0  0  0  0  0       
 0  0  0 1e  0  0        0  0  0  0  0  0        0  0  0  0  0  0        0  0  0  0  0  0        0  0  0  0  0  0       
Round 2:
       deltaSR[1]             deltaY[1]             deltaK[2]             deltaX[2]     
 0  0  0  0  0  0        0  0  3  0  0  0        0  0  0  0  0  0        0  0  3  0  0  0             
 0  0  1  0  0  0        0  0  2  0  0  0        0  0  0  0  0  0        0  0  2  0  0  0             
 0  0  0  0  0  0        0  0  1  0  0  0        0  0  0  0  0  0        0  0  1  0  0  0             
 0  0  0  0  0  0        0  0  1  0  0  0        0  0  0  0  0  0        0  0  1  0  0  0             
Proba :2^-54
Round 0:
       deltaX            deltaK[0]             deltaX[0]             DeltaSB[0] 
e8  0  0  0  0  0       0  0  0  0  0  0      e8  0  0  0  0  0      f8  0  0  0  0  0      
 0 b0  0  0  0  0       0  0  0  0  0  0       0 b0  0  0  0  0       0 84  0  0  0  0      
 0  0 13  0  0  0       0  0  0  0  0  0       0  0 13  0  0  0       0  0 1e  0  0  0      
 0  0  0 62  0  0       0  0  0  0  0  0       0  0  0 62  0  0       0  0  0 c9  0  0      
Round 1:
       deltaSR[0]             deltaY[0]             deltaK[1]                deltaX[1]             deltaSB[1] 
f8  0  0  0  0  0       ab  0  0  0  0  0        0  0  0  0  0  0       ab  0  0  0  0  0        1  0  0  0  0  0       
84  0  0  0  0  0        0  0  0  0  0  0        0  0  0  0  0  0        0  0  0  0  0  0        0  0  0  0  0  0       
1e  0  0  0  0  0        0  0  0  0  0  0        0  0  0  0  0  0        0  0  0  0  0  0        0  0  0  0  0  0       
c9  0  0  0  0  0        0  0  0  0  0  0        0  0  0  0  0  0        0  0  0  0  0  0        0  0  0  0  0  0       
Round 2:
       deltaSR[1]             deltaY[1]             deltaK[2]             deltaX[2]     
 1  0  0  0  0  0        2  0  0  0  0  0        0  0  0  0  0  0        2  0  0  0  0  0             
 0  0  0  0  0  0        1  0  0  0  0  0        0  0  0  0  0  0        1  0  0  0  0  0             
 0  0  0  0  0  0        1  0  0  0  0  0        0  0  0  0  0  0        1  0  0  0  0  0             
 0  0  0  0  0  0        3  0  0  0  0  0        0  0  0  0  0  0        3  0  0  0  0  0             
Proba :2^-54
Round 0:
       deltaX            deltaK[0]             deltaX[0]             DeltaSB[0] 
 0  0  0  0  0 e8       0  0  0  0  0  0       0  0  0  0  0 e8       0  0  0  0  0 f8      
b0  0  0  0  0  0       0  0  0  0  0  0      b0  0  0  0  0  0      84  0  0  0  0  0      
 0 13  0  0  0  0       0  0  0  0  0  0       0 13  0  0  0  0       0 1e  0  0  0  0      
 0  0 62  0  0  0       0  0  0  0  0  0       0  0 62  0  0  0       0  0 c9  0  0  0      
Round 1:
       deltaSR[0]             deltaY[0]             deltaK[1]                deltaX[1]             deltaSB[1] 
 0  0  0  0  0 f8        0  0  0  0  0 ab        0  0  0  0  0  0        0  0  0  0  0 ab        0  0  0  0  0  1       
 0  0  0  0  0 84        0  0  0  0  0  0        0  0  0  0  0  0        0  0  0  0  0  0        0  0  0  0  0  0       
 0  0  0  0  0 1e        0  0  0  0  0  0        0  0  0  0  0  0        0  0  0  0  0  0        0  0  0  0  0  0       
 0  0  0  0  0 c9        0  0  0  0  0  0        0  0  0  0  0  0        0  0  0  0  0  0        0  0  0  0  0  0       
Round 2:
       deltaSR[1]             deltaY[1]             deltaK[2]             deltaX[2]     
 0  0  0  0  0  1        0  0  0  0  0  2        0  0  0  0  0  0        0  0  0  0  0  2             
 0  0  0  0  0  0        0  0  0  0  0  1        0  0  0  0  0  0        0  0  0  0  0  1             
 0  0  0  0  0  0        0  0  0  0  0  1        0  0  0  0  0  0        0  0  0  0  0  1             
 0  0  0  0  0  0        0  0  0  0  0  3        0  0  0  0  0  0        0  0  0  0  0  3             
Proba :2^-54
Round 0:
       deltaX            deltaK[0]             deltaX[0]             DeltaSB[0] 
 0 58  0  0  0  0       0  0  0  0  0  0       0 58  0  0  0  0       0  9  0  0  0  0      
 0  0 45  0  0  0       0  0  0  0  0  0       0  0 45  0  0  0       0  0  d  0  0  0      
 0  0  0 f7  0  0       0  0  0  0  0  0       0  0  0 f7  0  0       0  0  0  b  0  0      
 0  0  0  0 b3  0       0  0  0  0  0  0       0  0  0  0 b3  0       0  0  0  0  e  0      
Round 1:
       deltaSR[0]             deltaY[0]             deltaK[1]                deltaX[1]             deltaSB[1] 
 0  9  0  0  0  0        0  0  0  0  0  0        0  0  0  0  0  0        0  0  0  0  0  0        0  0  0  0  0  0       
 0  d  0  0  0  0        0  0  0  0  0  0        0  0  0  0  0  0        0  0  0  0  0  0        0  0  0  0  0  0       
 0  b  0  0  0  0        0  0  0  0  0  0        0  0  0  0  0  0        0  0  0  0  0  0        0  0  0  0  0  0       
 0  e  0  0  0  0        0  1  0  0  0  0        0  0  0  0  0  0        0  1  0  0  0  0        0 1f  0  0  0  0       
Round 2:
       deltaSR[1]             deltaY[1]             deltaK[2]             deltaX[2]     
 0  0  0  0  0  0        0  0  0  0 1f  0        0  0  0  0  0  0        0  0  0  0 1f  0             
 0  0  0  0  0  0        0  0  0  0 1f  0        0  0  0  0  0  0        0  0  0  0 1f  0             
 0  0  0  0  0  0        0  0  0  0 21  0        0  0  0  0  0  0        0  0  0  0 21  0             
 0  0  0  0 1f  0        0  0  0  0 3e  0        0  0  0  0  0  0        0  0  0  0 3e  0             
Proba :2^-54
Round 0:
       deltaX            deltaK[0]             deltaX[0]             DeltaSB[0] 
 0  0  0  0 e8  0       0  0  0  0  0  0       0  0  0  0 e8  0       0  0  0  0 f8  0      
 0  0  0  0  0 b0       0  0  0  0  0  0       0  0  0  0  0 b0       0  0  0  0  0 84      
13  0  0  0  0  0       0  0  0  0  0  0      13  0  0  0  0  0      1e  0  0  0  0  0      
 0 62  0  0  0  0       0  0  0  0  0  0       0 62  0  0  0  0       0 c9  0  0  0  0      
Round 1:
       deltaSR[0]             deltaY[0]             deltaK[1]                deltaX[1]             deltaSB[1] 
 0  0  0  0 f8  0        0  0  0  0 ab  0        0  0  0  0  0  0        0  0  0  0 ab  0        0  0  0  0  1  0       
 0  0  0  0 84  0        0  0  0  0  0  0        0  0  0  0  0  0        0  0  0  0  0  0        0  0  0  0  0  0       
 0  0  0  0 1e  0        0  0  0  0  0  0        0  0  0  0  0  0        0  0  0  0  0  0        0  0  0  0  0  0       
 0  0  0  0 c9  0        0  0  0  0  0  0        0  0  0  0  0  0        0  0  0  0  0  0        0  0  0  0  0  0       
Round 2:
       deltaSR[1]             deltaY[1]             deltaK[2]             deltaX[2]     
 0  0  0  0  1  0        0  0  0  0  2  0        0  0  0  0  0  0        0  0  0  0  2  0             
 0  0  0  0  0  0        0  0  0  0  1  0        0  0  0  0  0  0        0  0  0  0  1  0             
 0  0  0  0  0  0        0  0  0  0  1  0        0  0  0  0  0  0        0  0  0  0  1  0             
 0  0  0  0  0  0        0  0  0  0  3  0        0  0  0  0  0  0        0  0  0  0  3  0             
Proba :2^-54
Round 0:
       deltaX            deltaK[0]             deltaX[0]             DeltaSB[0] 
 0  0 50  0  0  0       0  0  0  0  0  0       0  0 50  0  0  0       0  0 30  0  0  0      
 0  0  0 96  0  0       0  0  0  0  0  0       0  0  0 96  0  0       0  0  0 f3  0  0      
 0  0  0  0 f4  0       0  0  0  0  0  0       0  0  0  0 f4  0       0  0  0  0 dc  0      
 0  0  0  0  0 51       0  0  0  0  0  0       0  0  0  0  0 51       0  0  0  0  0 b2      
Round 1:
       deltaSR[0]             deltaY[0]             deltaK[1]                deltaX[1]             deltaSB[1] 
 0  0 30  0  0  0        0  0  0  0  0  0        0  0  0  0  0  0        0  0  0  0  0  0        0  0  0  0  0  0       
 0  0 f3  0  0  0        0  0  0  0  0  0        0  0  0  0  0  0        0  0  0  0  0  0        0  0  0  0  0  0       
 0  0 dc  0  0  0        0  0 ad  0  0  0        0  0  0  0  0  0        0  0 ad  0  0  0        0  0 f6  0  0  0       
 0  0 b2  0  0  0        0  0  0  0  0  0        0  0  0  0  0  0        0  0  0  0  0  0        0  0  0  0  0  0       
Round 2:
       deltaSR[1]             deltaY[1]             deltaK[2]             deltaX[2]     
 0  0  0  0  0  0       f6  0  0  0  0  0        0  0  0  0  0  0       f6  0  0  0  0  0             
 0  0  0  0  0  0        1  0  0  0  0  0        0  0  0  0  0  0        1  0  0  0  0  0             
f6  0  0  0  0  0       f7  0  0  0  0  0        0  0  0  0  0  0       f7  0  0  0  0  0             
 0  0  0  0  0  0       f6  0  0  0  0  0        0  0  0  0  0  0       f6  0  0  0  0  0             
Proba :2^-54
Round 0:
       deltaX            deltaK[0]             deltaX[0]             DeltaSB[0] 
 0  0  0 50  0  0       0  0  0  0  0  0       0  0  0 50  0  0       0  0  0 30  0  0      
 0  0  0  0 96  0       0  0  0  0  0  0       0  0  0  0 96  0       0  0  0  0 f3  0      
 0  0  0  0  0 f4       0  0  0  0  0  0       0  0  0  0  0 f4       0  0  0  0  0 dc      
51  0  0  0  0  0       0  0  0  0  0  0      51  0  0  0  0  0      b2  0  0  0  0  0      
Round 1:
       deltaSR[0]             deltaY[0]             deltaK[1]                deltaX[1]             deltaSB[1] 
 0  0  0 30  0  0        0  0  0  0  0  0        0  0  0  0  0  0        0  0  0  0  0  0        0  0  0  0  0  0       
 0  0  0 f3  0  0        0  0  0  0  0  0        0  0  0  0  0  0        0  0  0  0  0  0        0  0  0  0  0  0       
 0  0  0 dc  0  0        0  0  0 ad  0  0        0  0  0  0  0  0        0  0  0 ad  0  0        0  0  0 f6  0  0       
 0  0  0 b2  0  0        0  0  0  0  0  0        0  0  0  0  0  0        0  0  0  0  0  0        0  0  0  0  0  0       
Round 2:
       deltaSR[1]             deltaY[1]             deltaK[2]             deltaX[2]     
 0  0  0  0  0  0        0 f6  0  0  0  0        0  0  0  0  0  0        0 f6  0  0  0  0             
 0  0  0  0  0  0        0  1  0  0  0  0        0  0  0  0  0  0        0  1  0  0  0  0             
 0 f6  0  0  0  0        0 f7  0  0  0  0        0  0  0  0  0  0        0 f7  0  0  0  0             
 0  0  0  0  0  0        0 f6  0  0  0  0        0  0  0  0  0  0        0 f6  0  0  0  0             
Proba :2^-54
Round 0:
       deltaX            deltaK[0]             deltaX[0]             DeltaSB[0] 
 0  0 62  0  0  0       0  0  0  0  0  0       0  0 62  0  0  0       0  0 c9  0  0  0      
 0  0  0 e8  0  0       0  0  0  0  0  0       0  0  0 e8  0  0       0  0  0 f8  0  0      
 0  0  0  0 b0  0       0  0  0  0  0  0       0  0  0  0 b0  0       0  0  0  0 84  0      
 0  0  0  0  0 13       0  0  0  0  0  0       0  0  0  0  0 13       0  0  0  0  0 1e      
Round 1:
       deltaSR[0]             deltaY[0]             deltaK[1]                deltaX[1]             deltaSB[1] 
 0  0 c9  0  0  0        0  0  0  0  0  0        0  0  0  0  0  0        0  0  0  0  0  0        0  0  0  0  0  0       
 0  0 f8  0  0  0        0  0 ab  0  0  0        0  0  0  0  0  0        0  0 ab  0  0  0        0  0  1  0  0  0       
 0  0 84  0  0  0        0  0  0  0  0  0        0  0  0  0  0  0        0  0  0  0  0  0        0  0  0  0  0  0       
 0  0 1e  0  0  0        0  0  0  0  0  0        0  0  0  0  0  0        0  0  0  0  0  0        0  0  0  0  0  0       
Round 2:
       deltaSR[1]             deltaY[1]             deltaK[2]             deltaX[2]     
 0  0  0  0  0  0        0  3  0  0  0  0        0  0  0  0  0  0        0  3  0  0  0  0             
 0  1  0  0  0  0        0  2  0  0  0  0        0  0  0  0  0  0        0  2  0  0  0  0             
 0  0  0  0  0  0        0  1  0  0  0  0        0  0  0  0  0  0        0  1  0  0  0  0             
 0  0  0  0  0  0        0  1  0  0  0  0        0  0  0  0  0  0        0  1  0  0  0  0             
Proba :2^-54
Round 0:
       deltaX            deltaK[0]             deltaX[0]             DeltaSB[0] 
 0  0  0  0  0 b0       0  0  0  0  0  0       0  0  0  0  0 b0       0  0  0  0  0 84      
13  0  0  0  0  0       0  0  0  0  0  0      13  0  0  0  0  0      1e  0  0  0  0  0      
 0 62  0  0  0  0       0  0  0  0  0  0       0 62  0  0  0  0       0 c9  0  0  0  0      
 0  0 e8  0  0  0       0  0  0  0  0  0       0  0 e8  0  0  0       0  0 f8  0  0  0      
Round 1:
       deltaSR[0]             deltaY[0]             deltaK[1]                deltaX[1]             deltaSB[1] 
 0  0  0  0  0 84        0  0  0  0  0  0        0  0  0  0  0  0        0  0  0  0  0  0        0  0  0  0  0  0       
 0  0  0  0  0 1e        0  0  0  0  0  0        0  0  0  0  0  0        0  0  0  0  0  0        0  0  0  0  0  0       
 0  0  0  0  0 c9        0  0  0  0  0  0        0  0  0  0  0  0        0  0  0  0  0  0        0  0  0  0  0  0       
 0  0  0  0  0 f8        0  0  0  0  0 ab        0  0  0  0  0  0        0  0  0  0  0 ab        0  0  0  0  0  1       
Round 2:
       deltaSR[1]             deltaY[1]             deltaK[2]             deltaX[2]     
 0  0  0  0  0  0        0  0  1  0  0  0        0  0  0  0  0  0        0  0  1  0  0  0             
 0  0  0  0  0  0        0  0  1  0  0  0        0  0  0  0  0  0        0  0  1  0  0  0             
 0  0  0  0  0  0        0  0  3  0  0  0        0  0  0  0  0  0        0  0  3  0  0  0             
 0  0  1  0  0  0        0  0  2  0  0  0        0  0  0  0  0  0        0  0  2  0  0  0             
Proba :2^-54
Round 0:
       deltaX            deltaK[0]             deltaX[0]             DeltaSB[0] 
 0  0  0  0 50  0       0  0  0  0  0  0       0  0  0  0 50  0       0  0  0  0 30  0      
 0  0  0  0  0 96       0  0  0  0  0  0       0  0  0  0  0 96       0  0  0  0  0 f3      
f4  0  0  0  0  0       0  0  0  0  0  0      f4  0  0  0  0  0      dc  0  0  0  0  0      
 0 51  0  0  0  0       0  0  0  0  0  0       0 51  0  0  0  0       0 b2  0  0  0  0      
Round 1:
       deltaSR[0]             deltaY[0]             deltaK[1]                deltaX[1]             deltaSB[1] 
 0  0  0  0 30  0        0  0  0  0  0  0        0  0  0  0  0  0        0  0  0  0  0  0        0  0  0  0  0  0       
 0  0  0  0 f3  0        0  0  0  0  0  0        0  0  0  0  0  0        0  0  0  0  0  0        0  0  0  0  0  0       
 0  0  0  0 dc  0        0  0  0  0 ad  0        0  0  0  0  0  0        0  0  0  0 ad  0        0  0  0  0 f6  0       
 0  0  0  0 b2  0        0  0  0  0  0  0        0  0  0  0  0  0        0  0  0  0  0  0        0  0  0  0  0  0       
Round 2:
       deltaSR[1]             deltaY[1]             deltaK[2]             deltaX[2]     
 0  0  0  0  0  0        0  0 f6  0  0  0        0  0  0  0  0  0        0  0 f6  0  0  0             
 0  0  0  0  0  0        0  0  1  0  0  0        0  0  0  0  0  0        0  0  1  0  0  0             
 0  0 f6  0  0  0        0  0 f7  0  0  0        0  0  0  0  0  0        0  0 f7  0  0  0             
 0  0  0  0  0  0        0  0 f6  0  0  0        0  0  0  0  0  0        0  0 f6  0  0  0             
Proba :2^-54
Round 0:
       deltaX            deltaK[0]             deltaX[0]             DeltaSB[0] 
 0 e8  0  0  0  0       0  0  0  0  0  0       0 e8  0  0  0  0       0 f8  0  0  0  0      
 0  0 b0  0  0  0       0  0  0  0  0  0       0  0 b0  0  0  0       0  0 84  0  0  0      
 0  0  0 13  0  0       0  0  0  0  0  0       0  0  0 13  0  0       0  0  0 1e  0  0      
 0  0  0  0 62  0       0  0  0  0  0  0       0  0  0  0 62  0       0  0  0  0 c9  0      
Round 1:
       deltaSR[0]             deltaY[0]             deltaK[1]                deltaX[1]             deltaSB[1] 
 0 f8  0  0  0  0        0 ab  0  0  0  0        0  0  0  0  0  0        0 ab  0  0  0  0        0  1  0  0  0  0       
 0 84  0  0  0  0        0  0  0  0  0  0        0  0  0  0  0  0        0  0  0  0  0  0        0  0  0  0  0  0       
 0 1e  0  0  0  0        0  0  0  0  0  0        0  0  0  0  0  0        0  0  0  0  0  0        0  0  0  0  0  0       
 0 c9  0  0  0  0        0  0  0  0  0  0        0  0  0  0  0  0        0  0  0  0  0  0        0  0  0  0  0  0       
Round 2:
       deltaSR[1]             deltaY[1]             deltaK[2]             deltaX[2]     
 0  1  0  0  0  0        0  2  0  0  0  0        0  0  0  0  0  0        0  2  0  0  0  0             
 0  0  0  0  0  0        0  1  0  0  0  0        0  0  0  0  0  0        0  1  0  0  0  0             
 0  0  0  0  0  0        0  1  0  0  0  0        0  0  0  0  0  0        0  1  0  0  0  0             
 0  0  0  0  0  0        0  3  0  0  0  0        0  0  0  0  0  0        0  3  0  0  0  0             
