Proba :2^-32
Round 0:
       deltaX            deltaK[0]             deltaX[0]             DeltaSB[0] 
 4  4  4  4  0  0       4  4  4  4  0  0       0  0  0  0  0  0       0  0  0  0  0  0      
f1 35 f1 35  0  0      f1  0 f1  0  0  0       0 35  0 35  0  0       0 f5  0 f5  0  0      
f5 f5 f5 f5  0  0      f5 f5 f5 f5  0  0       0  0  0  0  0  0       0  0  0  0  0  0      
f5 f5 f5 f5  0  0      f5 f5 f5 f5  0  0       0  0  0  0  0  0       0  0  0  0  0  0      
Round 1:
       deltaSR[0]             deltaY[0]             deltaK[1]                deltaX[1]             deltaSB[1] 
 0  0  0  0  0  0        4  0  4  0  0  0        4  0  4  0  0  0        0  0  0  0  0  0        0  0  0  0  0  0       
f5  0 f5  0  0  0       f1  0 f1  0  0  0       f1 f1  0  0  0  0        0 f1 f1  0  0  0        0 f5 f5  0  0  0       
 0  0  0  0  0  0       f5  0 f5  0  0  0       f5  0 f5  0  0  0        0  0  0  0  0  0        0  0  0  0  0  0       
 0  0  0  0  0  0       f5  0 f5  0  0  0       f5  0 f5  0  0  0        0  0  0  0  0  0        0  0  0  0  0  0       
Round 2:
       deltaSR[1]             deltaY[1]             deltaK[2]             deltaX[2]     
 0  0  0  0  0  0        4  4  0  0  0  0        4  4  0  0  0  0        0  0  0  0  0  0             
f5 f5  0  0  0  0       f1 f1  0  0  0  0       f1  0  0  0  0  0        0 f1  0  0  0  0             
 0  0  0  0  0  0       f5 f5  0  0  0  0       f5 f5  0  0  0  0        0  0  0  0  0  0             
 0  0  0  0  0  0       f5 f5  0  0  0  0       f5 f5  0  0  0  0        0  0  0  0  0  0             
Proba :2^-30
Round 0:
       deltaX            deltaK[0]             deltaX[0]             DeltaSB[0] 
 2  2  2  2  0  0      a9  2 a9  2  0  0      ab  0 ab  0  0  0       1  0  1  0  0  0      
 1  1  1  1  0  0       1  1  1  1  0  0       0  0  0  0  0  0       0  0  0  0  0  0      
 1  1  1  1  0  0       1  1  1  1  0  0       0  0  0  0  0  0       0  0  0  0  0  0      
 3  3  3  3  0  0       3  3  3  3  0  0       0  0  0  0  0  0       0  0  0  0  0  0      
Round 1:
       deltaSR[0]             deltaY[0]             deltaK[1]                deltaX[1]             deltaSB[1] 
 1  0  1  0  0  0        2  0  2  0  0  0       a9 ab  2  0  0  0       ab ab  0  0  0  0        1  1  0  0  0  0       
 0  0  0  0  0  0        1  0  1  0  0  0        1  0  1  0  0  0        0  0  0  0  0  0        0  0  0  0  0  0       
 0  0  0  0  0  0        1  0  1  0  0  0        1  0  1  0  0  0        0  0  0  0  0  0        0  0  0  0  0  0       
 0  0  0  0  0  0        3  0  3  0  0  0        3  0  3  0  0  0        0  0  0  0  0  0        0  0  0  0  0  0       
Round 2:
       deltaSR[1]             deltaY[1]             deltaK[2]             deltaX[2]     
 1  1  0  0  0  0        2  2  0  0  0  0       a9  2  0  0  0  0       ab  0  0  0  0  0             
 0  0  0  0  0  0        1  1  0  0  0  0        1  1  0  0  0  0        0  0  0  0  0  0             
 0  0  0  0  0  0        1  1  0  0  0  0        1  1  0  0  0  0        0  0  0  0  0  0             
 0  0  0  0  0  0        3  3  0  0  0  0        3  3  0  0  0  0        0  0  0  0  0  0             
Proba :2^-31
Round 0:
       deltaX            deltaK[0]             deltaX[0]             DeltaSB[0] 
 2 ab  2  0  0  0       2  0  2  0  0  0       0 ab  0  0  0  0       0  1  0  0  0  0      
 1 61  1  0  0  0       1  0  1  0  0  0       0 61  0  0  0  0       0 8c  0  0  0  0      
 1  0 b8  0  0  0       1  0  1  0  0  0       0  0 b9  0  0  0       0  0 35  0  0  0      
 3  0  3 d1  0  0       3  0  3  0  0  0       0  0  0 d1  0  0       0  0  0 5d  0  0      
Round 1:
       deltaSR[0]             deltaY[0]             deltaK[1]                deltaX[1]             deltaSB[1] 
 0  1  0  0  0  0       e7  2  0  0  0  0        2  2  0  0  0  0       e5  0  0  0  0  0        1  0  0  0  0  0       
8c  0  0  0  0  0        1  1  0  0  0  0        1  1  0  0  0  0        0  0  0  0  0  0        0  0  0  0  0  0       
35  0  0  0  0  0        1  1  0  0  0  0        1  1  0  0  0  0        0  0  0  0  0  0        0  0  0  0  0  0       
5d  0  0  0  0  0        3  3  0  0  0  0        3  3  0  0  0  0        0  0  0  0  0  0        0  0  0  0  0  0       
Round 2:
       deltaSR[1]             deltaY[1]             deltaK[2]             deltaX[2]     
 1  0  0  0  0  0        2  0  0  0  0  0        2  0  0  0  0  0        0  0  0  0  0  0             
 0  0  0  0  0  0        1  0  0  0  0  0        1  0  0  0  0  0        0  0  0  0  0  0             
 0  0  0  0  0  0        1  0  0  0  0  0        1  0  0  0  0  0        0  0  0  0  0  0             
 0  0  0  0  0  0        3  0  0  0  0  0        3  0  0  0  0  0        0  0  0  0  0  0             
Proba :2^-31
Round 0:
       deltaX            deltaK[0]             deltaX[0]             DeltaSB[0] 
68 fa 81 fa  0  0      68 fa 68 fa  0  0       0  0 e9  0  0  0       0  0 7d  0  0  0      
b9 43 b9 7d  0  0      b9 7d b9 7d  0  0       0 3e  0  0  0  0       0 d1  0  0  0  0      
d1 7d d1 a4  0  0      d1 7d d1 7d  0  0       0  0  0 d9  0  0       0  0  0 56  0  0      
d1 87 d1 87  0  0      d1 87 d1 87  0  0       0  0  0  0  0  0       0  0  0  0  0  0      
Round 1:
       deltaSR[0]             deltaY[0]             deltaK[1]                deltaX[1]             deltaSB[1] 
 0  0 7d  0  0  0       68 56 fa  0  0  0       68 92 fa  0  0  0        0 c4  0  0  0  0        0 7d  0  0  0  0       
d1  0  0  0  0  0       b9 fa 7d  0  0  0       b9 c4 7d  0  0  0        0 3e  0  0  0  0        0 d1  0  0  0  0       
 0 56  0  0  0  0       d1 ac 7d  0  0  0       d1 ac 7d  0  0  0        0  0  0  0  0  0        0  0  0  0  0  0       
 0  0  0  0  0  0       d1 56 87  0  0  0       d1 56 87  0  0  0        0  0  0  0  0  0        0  0  0  0  0  0       
Round 2:
       deltaSR[1]             deltaY[1]             deltaK[2]             deltaX[2]     
 0 7d  0  0  0  0       68 fa  0  0  0  0       68 fa  0  0  0  0        0  0  0  0  0  0             
d1  0  0  0  0  0       b9 7d  0  0  0  0       b9 7d  0  0  0  0        0  0  0  0  0  0             
 0  0  0  0  0  0       d1 7d  0  0  0  0       d1 7d  0  0  0  0        0  0  0  0  0  0             
 0  0  0  0  0  0       d1 87  0  0  0  0       d1 87  0  0  0  0        0  0  0  0  0  0             
Proba :2^-31
Round 0:
       deltaX            deltaK[0]             deltaX[0]             DeltaSB[0] 
 0  2 ab  2  0  0       0  2  0  2  0  0       0  0 ab  0  0  0       0  0  1  0  0  0      
 0  1 61  1  0  0       0  1  0  1  0  0       0  0 61  0  0  0       0  0 8c  0  0  0      
 0  1  0 b8  0  0       0  1  0  1  0  0       0  0  0 b9  0  0       0  0  0 35  0  0      
 0  3  0  3 d1  0       0  3  0  3  0  0       0  0  0  0 d1  0       0  0  0  0 5d  0      
Round 1:
       deltaSR[0]             deltaY[0]             deltaK[1]                deltaX[1]             deltaSB[1] 
 0  0  1  0  0  0        0 e7  2  0  0  0        0  2  2  0  0  0        0 e5  0  0  0  0        0  1  0  0  0  0       
 0 8c  0  0  0  0        0  1  1  0  0  0        0  1  1  0  0  0        0  0  0  0  0  0        0  0  0  0  0  0       
 0 35  0  0  0  0        0  1  1  0  0  0        0  1  1  0  0  0        0  0  0  0  0  0        0  0  0  0  0  0       
 0 5d  0  0  0  0        0  3  3  0  0  0        0  3  3  0  0  0        0  0  0  0  0  0        0  0  0  0  0  0       
Round 2:
       deltaSR[1]             deltaY[1]             deltaK[2]             deltaX[2]     
 0  1  0  0  0  0        0  2  0  0  0  0        0  2  0  0  0  0        0  0  0  0  0  0             
 0  0  0  0  0  0        0  1  0  0  0  0        0  1  0  0  0  0        0  0  0  0  0  0             
 0  0  0  0  0  0        0  1  0  0  0  0        0  1  0  0  0  0        0  0  0  0  0  0             
 0  0  0  0  0  0        0  3  0  0  0  0        0  3  0  0  0  0        0  0  0  0  0  0             
Proba :2^-32
Round 0:
       deltaX            deltaK[0]             deltaX[0]             DeltaSB[0] 
35 f1 35 f1  0  0       0 f1  0 f1  0  0      35  0 35  0  0  0      f5  0 f5  0  0  0      
f5 f5 f5 f5  0  0      f5 f5 f5 f5  0  0       0  0  0  0  0  0       0  0  0  0  0  0      
f5 f5 f5 f5  0  0      f5 f5 f5 f5  0  0       0  0  0  0  0  0       0  0  0  0  0  0      
 4  4  4  4  0  0       4  4  4  4  0  0       0  0  0  0  0  0       0  0  0  0  0  0      
Round 1:
       deltaSR[0]             deltaY[0]             deltaK[1]                deltaX[1]             deltaSB[1] 
f5  0 f5  0  0  0       f1  0 f1  0  0  0        0 f1 f1  0  0  0       f1 f1  0  0  0  0       f5 f5  0  0  0  0       
 0  0  0  0  0  0       f5  0 f5  0  0  0       f5  0 f5  0  0  0        0  0  0  0  0  0        0  0  0  0  0  0       
 0  0  0  0  0  0       f5  0 f5  0  0  0       f5  0 f5  0  0  0        0  0  0  0  0  0        0  0  0  0  0  0       
 0  0  0  0  0  0        4  0  4  0  0  0        4  0  4  0  0  0        0  0  0  0  0  0        0  0  0  0  0  0       
Round 2:
       deltaSR[1]             deltaY[1]             deltaK[2]             deltaX[2]     
f5 f5  0  0  0  0       f1 f1  0  0  0  0        0 f1  0  0  0  0       f1  0  0  0  0  0             
 0  0  0  0  0  0       f5 f5  0  0  0  0       f5 f5  0  0  0  0        0  0  0  0  0  0             
 0  0  0  0  0  0       f5 f5  0  0  0  0       f5 f5  0  0  0  0        0  0  0  0  0  0             
 0  0  0  0  0  0        4  4  0  0  0  0        4  4  0  0  0  0        0  0  0  0  0  0             
Proba :2^-31
Round 0:
       deltaX            deltaK[0]             deltaX[0]             DeltaSB[0] 
 0  3 d1  3  0  0       0  3  0  3  0  0       0  0 d1  0  0  0       0  0 5d  0  0  0      
 0  2 ab  2  0  0       0  2  0  2  0  0       0  0 ab  0  0  0       0  0  1  0  0  0      
 0  1  0  1 61  0       0  1  0  1  0  0       0  0  0  0 61  0       0  0  0  0 8c  0      
 0  1  0  1  0 b9       0  1  0  1  0  0       0  0  0  0  0 b9       0  0  0  0  0 35      
Round 1:
       deltaSR[0]             deltaY[0]             deltaK[1]                deltaX[1]             deltaSB[1] 
 0  0 5d  0  0  0        0  3  3  0  0  0        0  3  3  0  0  0        0  0  0  0  0  0        0  0  0  0  0  0       
 0  1  0  0  0  0        0  2 e7  0  0  0        0  2  2  0  0  0        0  0 e5  0  0  0        0  0  1  0  0  0       
 0  0 8c  0  0  0        0  1  1  0  0  0        0  1  1  0  0  0        0  0  0  0  0  0        0  0  0  0  0  0       
 0  0 35  0  0  0        0  1  1  0  0  0        0  1  1  0  0  0        0  0  0  0  0  0        0  0  0  0  0  0       
Round 2:
       deltaSR[1]             deltaY[1]             deltaK[2]             deltaX[2]     
 0  0  0  0  0  0        0  3  0  0  0  0        0  3  0  0  0  0        0  0  0  0  0  0             
 0  1  0  0  0  0        0  2  0  0  0  0        0  2  0  0  0  0        0  0  0  0  0  0             
 0  0  0  0  0  0        0  1  0  0  0  0        0  1  0  0  0  0        0  0  0  0  0  0             
 0  0  0  0  0  0        0  1  0  0  0  0        0  1  0  0  0  0        0  0  0  0  0  0             
Proba :2^-31
Round 0:
       deltaX            deltaK[0]             deltaX[0]             DeltaSB[0] 
 3 d1  3  0  0  0       3  0  3  0  0  0       0 d1  0  0  0  0       0 5d  0  0  0  0      
 2 ab  2  0  0  0       2  0  2  0  0  0       0 ab  0  0  0  0       0  1  0  0  0  0      
 1  0  1 61  0  0       1  0  1  0  0  0       0  0  0 61  0  0       0  0  0 8c  0  0      
 1  0  1  0 b9  0       1  0  1  0  0  0       0  0  0  0 b9  0       0  0  0  0 35  0      
Round 1:
       deltaSR[0]             deltaY[0]             deltaK[1]                deltaX[1]             deltaSB[1] 
 0 5d  0  0  0  0        3  3  0  0  0  0        3  3  0  0  0  0        0  0  0  0  0  0        0  0  0  0  0  0       
 1  0  0  0  0  0        2 e7  0  0  0  0        2  2  0  0  0  0        0 e5  0  0  0  0        0  1  0  0  0  0       
 0 8c  0  0  0  0        1  1  0  0  0  0        1  1  0  0  0  0        0  0  0  0  0  0        0  0  0  0  0  0       
 0 35  0  0  0  0        1  1  0  0  0  0        1  1  0  0  0  0        0  0  0  0  0  0        0  0  0  0  0  0       
Round 2:
       deltaSR[1]             deltaY[1]             deltaK[2]             deltaX[2]     
 0  0  0  0  0  0        3  0  0  0  0  0        3  0  0  0  0  0        0  0  0  0  0  0             
 1  0  0  0  0  0        2  0  0  0  0  0        2  0  0  0  0  0        0  0  0  0  0  0             
 0  0  0  0  0  0        1  0  0  0  0  0        1  0  0  0  0  0        0  0  0  0  0  0             
 0  0  0  0  0  0        1  0  0  0  0  0        1  0  0  0  0  0        0  0  0  0  0  0             
Proba :2^-32
Round 0:
       deltaX            deltaK[0]             deltaX[0]             DeltaSB[0] 
12  4 ca  4  0  0      12  4 12  4  0  0       0  0 d8  0  0  0       0  0  2  0  0  0      
1c b1 1c  2  0  0      1c  2 1c  2  0  0       0 b3  0  0  0  0       0  e  0  0  0  0      
 e  2  e  2  0  0       e  2  e  2  0  0       0  0  0  0  0  0       0  0  0  0  0  0      
 e  6  e  6  a  0       e  6  e  6  0  0       0  0  0  0  a  0       0  0  0  0  4  0      
Round 1:
       deltaSR[0]             deltaY[0]             deltaK[1]                deltaX[1]             deltaSB[1] 
 0  0  2  0  0  0       12  4  4  0  0  0       12 16  4  0  0  0        0 12  0  0  0  0        0  2  0  0  0  0       
 e  0  0  0  0  0       1c  4  2  0  0  0       1c 1e  2  0  0  0        0 1a  0  0  0  0        0  e  0  0  0  0       
 0  0  0  0  0  0        e  c  2  0  0  0        e  c  2  0  0  0        0  0  0  0  0  0        0  0  0  0  0  0       
 0  4  0  0  0  0        e  8  6  0  0  0        e  8  6  0  0  0        0  0  0  0  0  0        0  0  0  0  0  0       
Round 2:
       deltaSR[1]             deltaY[1]             deltaK[2]             deltaX[2]     
 0  2  0  0  0  0       12  4  0  0  0  0       12  4  0  0  0  0        0  0  0  0  0  0             
 e  0  0  0  0  0       1c  2  0  0  0  0       1c  2  0  0  0  0        0  0  0  0  0  0             
 0  0  0  0  0  0        e  2  0  0  0  0        e  2  0  0  0  0        0  0  0  0  0  0             
 0  0  0  0  0  0        e  6  0  0  0  0        e  6  0  0  0  0        0  0  0  0  0  0             
Proba :2^-30
Round 0:
       deltaX            deltaK[0]             deltaX[0]             DeltaSB[0] 
 3  3  3  3  0  0       3  3  3  3  0  0       0  0  0  0  0  0       0  0  0  0  0  0      
 2  2  2  2  0  0       2 a9  2 a9  0  0       0 ab  0 ab  0  0       0  1  0  1  0  0      
 1  1  1  1  0  0       1  1  1  1  0  0       0  0  0  0  0  0       0  0  0  0  0  0      
 1  1  1  1  0  0       1  1  1  1  0  0       0  0  0  0  0  0       0  0  0  0  0  0      
Round 1:
       deltaSR[0]             deltaY[0]             deltaK[1]                deltaX[1]             deltaSB[1] 
 0  0  0  0  0  0        3  0  3  0  0  0        3  0  3  0  0  0        0  0  0  0  0  0        0  0  0  0  0  0       
 1  0  1  0  0  0        2  0  2  0  0  0        2 ab a9  0  0  0        0 ab ab  0  0  0        0  1  1  0  0  0       
 0  0  0  0  0  0        1  0  1  0  0  0        1  0  1  0  0  0        0  0  0  0  0  0        0  0  0  0  0  0       
 0  0  0  0  0  0        1  0  1  0  0  0        1  0  1  0  0  0        0  0  0  0  0  0        0  0  0  0  0  0       
Round 2:
       deltaSR[1]             deltaY[1]             deltaK[2]             deltaX[2]     
 0  0  0  0  0  0        3  3  0  0  0  0        3  3  0  0  0  0        0  0  0  0  0  0             
 1  1  0  0  0  0        2  2  0  0  0  0        2 a9  0  0  0  0        0 ab  0  0  0  0             
 0  0  0  0  0  0        1  1  0  0  0  0        1  1  0  0  0  0        0  0  0  0  0  0             
 0  0  0  0  0  0        1  1  0  0  0  0        1  1  0  0  0  0        0  0  0  0  0  0             
